0.0 32768
0.0078125 65536
0.005208333333333333 98304
0.003676470588235294 131072
0.014759199134199133 163840
0.02002403846153846 196608
0.017256773399014776 229376
0.015043588458110518 262144
0.01676100442547811 294912
0.016623112659698024 327680
0.016545893719806762 360448
0.016428571428571428 393216
0.015155485674353599 425984
0.016166356496149784 458752
0.017106143973542175 491520
0.017018056570295377 524288
0.016047006677747645 557056
0.016002252252252252 589824
0.015153359298928918 622592
0.015142888627681459 655360
0.014442996524993318 688128
0.013797313797313799 720896
0.013844222424412094 753664
0.01390215934858792 786432
0.013338417424475392 819200
0.01456535280210558 851968
0.01459466771966772 884736
0.014585135316956904 917504
0.014097731034562584 950272
0.015145751376868606 983040
0.0156292619922328 1015808
0.015141482395253465 1048576
0.01559535233307682 1081344
0.015581171027902196 1114112
0.015571452162884615 1146880
0.01514345113158632 1179648
0.015136334723375708 1212416
0.015143120832715637 1245184
0.014749545903304961 1277952
0.014385090250135799 1310720
0.014399354416322743 1343488
0.014413782177142564 1376256
0.014432043900027652 1409024
0.014100937077796059 1441792
0.014125890467441289 1474560
0.0138282287283133 1507328
0.01353951456671789 1540096
0.01326099023375744 1572864
0.013437499999999998 1605632
0.013124999999999998 1638400
0.013124999999999998 1671168
0.013749999999999998 1703936
0.0134375 1736704
0.011875 1769472
0.0115625 1802240
0.0115625 1835008
0.0115625 1867776
0.01125 1900544
0.01125 1933312
0.01125 1966080
0.01125 1998848
0.0115625 2031616
0.010312499999999999 2064384
0.01 2097152
0.0103125 2129920
0.010000000000000002 2162688
0.010000000000000002 2195456
0.010312499999999999 2228224
0.0103125 2260992
0.010624999999999999 2293760
0.010624999999999999 2326528
0.010312499999999999 2359296
0.01125 2392064
0.0103125 2424832
0.01 2457600
0.0103125 2490368
0.010624999999999999 2523136
0.0109375 2555904
0.01 2588672
0.0096875 2621440
0.009375 2654208
0.01 2686976
0.010625 2719744
0.011250000000000001 2752512
0.011250000000000001 2785280
0.011250000000000001 2818048
0.010937500000000001 2850816
0.011875 2883584
0.011875 2916352
0.012812500000000001 2949120
0.013437500000000002 2981888
0.014687500000000001 3014656
0.015 3047424
0.015000000000000001 3080192
0.015625 3112960
0.0165625 3145728
0.016875 3178496
0.018125000000000002 3211264
0.018125000000000002 3244032
0.019375000000000003 3276800
0.0196875 3309568
0.02 3342336
0.021249999999999998 3375104
0.0225 3407872
0.0221875 3440640
0.0225 3473408
0.02375 3506176
0.023125 3538944
0.0234375 3571712
0.023125 3604480
0.0234375 3637248
0.024375 3670016
0.024999999999999998 3702784
0.025312500000000005 3735552
0.025937500000000006 3768320
0.026250000000000002 3801088
0.026562500000000003 3833856
0.027187500000000003 3866624
0.028750000000000005 3899392
0.028750000000000005 3932160
0.029062500000000005 3964928
0.029062500000000005 3997696
0.030625000000000006 4030464
0.029687500000000006 4063232
0.030000000000000006 4096000
0.030000000000000006 4128768
0.030312500000000006 4161536
0.0309375 4194304
0.0309375 4227072
0.03 4259840
0.03 4292608
0.0303125 4325376
0.03 4358144
0.0303125 4390912
0.0303125 4423680
0.030625 4456448
0.030625 4489216
0.03 4521984
0.030312500000000006 4554752
0.029062500000000005 4587520
0.030312500000000003 4620288
0.030312500000000003 4653056
0.030937500000000003 4685824
0.030937500000000003 4718592
0.030625000000000003 4751360
0.030624999999999996 4784128
0.03187500000000001 4816896
0.03093750000000001 4849664
0.03156250000000001 4882432
0.03125000000000001 4915200
0.03187500000000001 4947968
0.03156250000000001 4980736
0.0325 5013504
0.0334375 5046272
0.0325 5079040
0.035625000000000004 5111808
0.036250000000000004 5144576
0.037187500000000005 5177344
0.03968750000000001 5210112
0.04093750000000001 5242880
0.04093750000000001 5275648
0.04031250000000001 5308416
0.04062500000000001 5341184
0.04000000000000001 5373952
0.04031250000000001 5406720
0.03968750000000001 5439488
0.03875000000000001 5472256
0.03875000000000001 5505024
0.03906250000000001 5537792
0.04062500000000001 5570560
0.04156250000000001 5603328
0.04375000000000001 5636096
0.04406250000000001 5668864
0.04375000000000001 5701632
0.04375000000000001 5734400
0.04562500000000001 5767168
0.04656250000000001 5799936
0.04718750000000001 5832704
0.04781250000000001 5865472
0.04843750000000001 5898240
0.04875 5931008
0.04968750000000001 5963776
0.05093750000000001 5996544
0.0509375 6029312
0.051250000000000004 6062080
0.0528125 6094848
0.051875000000000004 6127616
0.05218750000000001 6160384
0.05281250000000001 6193152
0.05156250000000001 6225920
0.052500000000000005 6258688
0.05500000000000001 6291456
0.05562500000000001 6324224
0.05499999999999999 6356992
0.0559375 6389760
0.056249999999999994 6422528
0.0571875 6455296
0.05687500000000001 6488064
0.056249999999999994 6520832
0.0559375 6553600
0.056874999999999995 6586368
0.057499999999999996 6619136
0.056249999999999994 6651904
0.055625 6684672
0.05562500000000001 6717440
0.05406250000000001 6750208
0.05375000000000001 6782976
0.05437500000000002 6815744
0.0553125 6848512
0.05625000000000001 6881280
0.056562500000000016 6914048
0.057499999999999996 6946816
0.0578125 6979584
0.059062500000000004 7012352
0.059375 7045120
0.057812499999999996 7077888
0.05718750000000001 7110656
0.056249999999999994 7143424
0.055625 7176192
0.055 7208960
0.05531250000000001 7241728
0.05562500000000001 7274496
0.054375 7307264
0.05468750000000001 7340032
0.053750000000000006 7372800
0.05437499999999999 7405568
0.0546875 7438336
0.055 7471104
0.055625000000000015 7503872
0.05468750000000001 7536640
0.05593750000000001 7569408
0.056250000000000015 7602176
0.055312500000000014 7634944
0.05562500000000001 7667712
0.055937500000000015 7700480
0.056562500000000016 7733248
0.05781250000000002 7766016
0.05812500000000001 7798784
0.056562500000000016 7831552
0.05656250000000001 7864320
0.05750000000000001 7897088
0.05750000000000001 7929856
0.056562500000000016 7962624
0.05750000000000001 7995392
0.0590625 8028160
0.0590625 8060928
0.059687500000000025 8093696
0.060000000000000005 8126464
0.0596875 8159232
0.059375 8192000
0.06 8224768
0.059687500000000004 8257536
0.060000000000000005 8290304
0.05875000000000001 8323072
0.058750000000000004 8355840
0.05906250000000001 8388608
0.058125 8421376
0.05937500000000001 8454144
0.059375000000000004 8486912
0.06000000000000002 8519680
0.060312500000000005 8552448
0.060625 8585216
0.061562500000000006 8617984
0.06187500000000001 8650752
0.0640625 8683520
0.06625 8716288
0.06875 8749056
0.06937499999999999 8781824
0.06874999999999999 8814592
0.06937499999999999 8847360
0.06874999999999999 8880128
0.0671875 8912896
0.0671875 8945664
0.0684375 8978432
0.06718750000000001 9011200
0.06750000000000002 9043968
0.06875 9076736
0.0690625 9109504
0.06843750000000001 9142272
0.06875 9175040
0.070625 9207808
0.07218749999999999 9240576
0.071875 9273344
0.07093749999999999 9306112
0.07125 9338880
0.0725 9371648
0.0725 9404416
0.07218749999999999 9437184
0.07125000000000001 9469952
0.07375 9502720
0.073125 9535488
0.07343749999999999 9568256
0.07468749999999999 9601024
0.07625 9633792
0.07625 9666560
0.07656249999999999 9699328
0.07749999999999999 9732096
0.07593749999999999 9764864
0.0765625 9797632
