0.0 32768
0.0078125 65536
0.005208333333333333 98304
0.003676470588235294 131072
0.011634199134199134 163840
0.014711538461538462 196608
0.012715517241379311 229376
0.013090463458110518 262144
0.014942827442827444 294912
0.013434216568079301 327680
0.01365119745091993 360448
0.012503001200480191 393216
0.01157645638777714 425984
0.010758879592318023 458752
0.011025230204897048 491520
0.010360566050864559 524288
0.009771491266439215 557056
0.01007882882882883 589824
0.010336284891269068 622592
0.011332568951765248 655360
0.011511529185195985 688128
0.01164629452672931 720896
0.013082802584919746 753664
0.01318838899196042 786432
0.012655873122213784 819200
0.012185829495199838 851968
0.011749452823844415 884736
0.011872673649679883 917504
0.011988209540014352 950272
0.011585070810385524 983040
0.011223256147759873 1015808
0.0108654486667745 1048576
0.010526443951465419 1081344
0.010220455854161654 1114112
0.009937823192133537 1146880
0.010503849281413997 1179648
0.010634563225936783 1212416
0.010363272801738847 1245184
0.010100566243002838 1277952
0.009834988512809555 1310720
0.009602513342615153 1343488
0.009742046615151894 1376256
0.009869309705799183 1409024
0.009640133500630737 1441792
0.009766459130940198 1474560
0.009873843493165972 1507328
0.009992292619850325 1540096
0.00978551481878259 1572864
0.01 1605632
0.0096875 1638400
0.0096875 1671168
0.009999999999999998 1703936
0.009687499999999998 1736704
0.00875 1769472
0.008437499999999999 1802240
0.008124999999999999 1835008
0.008124999999999999 1867776
0.008125 1900544
0.008125 1933312
0.007812499999999999 1966080
0.007812499999999999 1998848
0.007812499999999999 2031616
0.0075 2064384
0.0075 2097152
0.0075 2129920
0.0075 2162688
0.006875 2195456
0.00625 2228224
0.00625 2260992
0.00625 2293760
0.005937500000000001 2326528
0.0053125 2359296
0.0053125 2392064
0.005625000000000001 2424832
0.005625000000000001 2457600
0.00625 2490368
0.005625000000000001 2523136
0.0059375 2555904
0.0059375 2588672
0.006562500000000001 2621440
0.006875000000000001 2654208
0.007500000000000001 2686976
0.007500000000000001 2719744
0.0078125 2752512
0.0078125 2785280
0.0078125 2818048
0.0078125 2850816
0.008125 2883584
0.008125 2916352
0.00875 2949120
0.0084375 2981888
0.0084375 3014656
0.0084375 3047424
0.008124999999999999 3080192
0.0078125 3112960
0.0084375 3145728
0.008124999999999999 3178496
0.00875 3211264
0.00875 3244032
0.0090625 3276800
0.009062500000000001 3309568
0.009062500000000001 3342336
0.009687500000000002 3375104
0.010000000000000002 3407872
0.010000000000000002 3440640
0.009687500000000002 3473408
0.009375000000000001 3506176
0.009375000000000001 3538944
0.009375000000000001 3571712
0.009687500000000002 3604480
0.010000000000000002 3637248
0.010000000000000002 3670016
0.010312500000000002 3702784
0.010312500000000002 3735552
0.010312500000000002 3768320
0.010312500000000002 3801088
0.010312500000000002 3833856
0.010312500000000002 3866624
0.009687500000000002 3899392
0.009999999999999998 3932160
0.009999999999999998 3964928
0.0096875 3997696
0.009375 4030464
0.0090625 4063232
0.00875 4096000
0.0084375 4128768
0.0084375 4161536
0.0084375 4194304
0.00875 4227072
0.0084375 4259840
0.008125 4292608
0.007812499999999999 4325376
0.0075 4358144
0.0075 4390912
0.0075 4423680
0.0071874999999999994 4456448
0.0078125 4489216
0.0075 4521984
0.0071875 4554752
0.007500000000000001 4587520
0.0071875 4620288
0.0075 4653056
0.0071874999999999994 4685824
0.006874999999999999 4718592
0.006874999999999999 4751360
0.006874999999999999 4784128
0.0065625 4816896
0.0065625 4849664
0.00625 4882432
0.00625 4915200
0.006875 4947968
0.00625 4980736
0.006562500000000001 5013504
0.006562500000000001 5046272
0.006562500000000001 5079040
0.006562500000000001 5111808
0.0071875 5144576
0.0071875 5177344
0.006875 5210112
0.006562500000000001 5242880
0.006562500000000001 5275648
0.006875000000000001 5308416
0.006875000000000001 5341184
0.006875000000000001 5373952
0.006875000000000001 5406720
0.0071875 5439488
0.0071875 5472256
0.0078125 5505024
0.007500000000000001 5537792
0.0078125 5570560
0.0078125 5603328
0.0078125 5636096
0.008749999999999999 5668864
0.008749999999999999 5701632
0.008749999999999999 5734400
0.008749999999999999 5767168
0.008749999999999999 5799936
0.008437499999999999 5832704
0.008437499999999999 5865472
0.00875 5898240
0.0084375 5931008
0.008125 5963776
0.0084375 5996544
0.0084375 6029312
0.00875 6062080
0.008125 6094848
0.009062500000000001 6127616
0.009062500000000001 6160384
0.00875 6193152
0.0084375 6225920
0.0084375 6258688
0.0084375 6291456
0.0084375 6324224
0.008749999999999999 6356992
0.008749999999999999 6389760
0.008749999999999999 6422528
0.008749999999999999 6455296
0.008437499999999999 6488064
0.008124999999999999 6520832
0.007812499999999999 6553600
0.008125 6586368
0.0078125 6619136
0.008125 6651904
0.008125 6684672
0.008125 6717440
0.0078125 6750208
0.008125 6782976
0.008125 6815744
0.008437499999999999 6848512
0.008749999999999999 6881280
0.00875 6914048
0.00875 6946816
0.0090625 6979584
0.009375 7012352
0.0090625 7045120
0.0090625 7077888
0.008749999999999999 7110656
0.008749999999999999 7143424
0.0084375 7176192
0.008749999999999999 7208960
0.008125 7241728
0.0084375 7274496
0.0084375 7307264
0.00875 7340032
0.0096875 7372800
0.009375 7405568
0.009062500000000001 7438336
0.009062500000000001 7471104
0.0084375 7503872
0.00875 7536640
0.009062500000000001 7569408
0.009062500000000001 7602176
0.009062500000000001 7634944
0.00875 7667712
0.00875 7700480
0.008125 7733248
0.0084375 7766016
0.00875 7798784
0.00875 7831552
0.00875 7864320
0.00875 7897088
0.00875 7929856
0.008125 7962624
0.0084375 7995392
0.009062500000000001 8028160
0.009062500000000001 8060928
0.009062500000000001 8093696
0.009375 8126464
0.009687500000000002 8159232
0.009687499999999998 8192000
0.010000000000000002 8224768
0.010000000000000002 8257536
0.010000000000000002 8290304
0.010312500000000002 8323072
0.010000000000000002 8355840
0.009687500000000002 8388608
0.009687500000000002 8421376
0.009375000000000001 8454144
0.009375000000000001 8486912
0.009062500000000001 8519680
0.009375000000000001 8552448
0.00875 8585216
0.00875 8617984
0.00875 8650752
0.00875 8683520
0.00875 8716288
0.00875 8749056
0.00875 8781824
0.008125 8814592
0.008125 8847360
0.008437499999999999 8880128
0.008437499999999999 8912896
0.008125 8945664
0.0071875 8978432
0.0071875 9011200
0.007500000000000001 9043968
0.007500000000000001 9076736
0.007500000000000001 9109504
0.006875000000000001 9142272
0.0065625000000000015 9175040
0.0065625000000000015 9207808
0.006875000000000001 9240576
0.007187500000000001 9273344
0.006875000000000001 9306112
0.006562500000000001 9338880
0.0065625 9371648
0.0065625 9404416
0.0065625 9437184
0.0065625 9469952
0.0062499999999999995 9502720
0.0062499999999999995 9535488
0.0065625 9568256
0.006875000000000001 9601024
0.0065625 9633792
0.0065625 9666560
0.0065625 9699328
0.0065625 9732096
0.0062499999999999995 9764864
0.005624999999999999 9797632
0.005937499999999999 9830400
0.006562499999999998 9863168
0.006562499999999998 9895936
0.006874999999999998 9928704
0.006874999999999998 9961472
0.006562499999999999 9994240
0.006562499999999999 10027008
0.006562499999999999 10059776
0.006562499999999999 10092544
0.0065625 10125312
0.00625 10158080
0.0065625 10190848
0.006874999999999999 10223616
0.006874999999999999 10256384
0.0065625 10289152
0.006874999999999999 10321920
0.007499999999999999 10354688
0.007812499999999999 10387456
0.007812499999999999 10420224
0.007812499999999998 10452992
0.007499999999999999 10485760
0.007499999999999999 10518528
0.008124999999999999 10551296
0.008124999999999999 10584064
0.008124999999999999 10616832
0.008124999999999999 10649600
0.008124999999999999 10682368
0.008124999999999999 10715136
0.008437499999999999 10747904
0.0090625 10780672
0.0090625 10813440
0.0090625 10846208
0.0090625 10878976
0.0090625 10911744
0.009062500000000001 10944512
0.009375000000000001 10977280
0.009375000000000001 11010048
0.009375000000000001 11042816
0.009687500000000002 11075584
0.009687500000000002 11108352
0.009375000000000001 11141120
0.009062499999999998 11173888
0.008749999999999999 11206656
0.009374999999999998 11239424
0.009687499999999998 11272192
0.009687499999999998 11304960
0.009374999999999998 11337728
0.009374999999999998 11370496
0.009374999999999998 11403264
0.0084375 11436032
0.00875 11468800
0.0084375 11501568
0.0084375 11534336
0.0084375 11567104
0.00875 11599872
0.0090625 11632640
0.0090625 11665408
0.0090625 11698176
0.009375000000000001 11730944
0.0090625 11763712
0.00875 11796480
0.00875 11829248
0.00875 11862016
0.00875 11894784
0.0084375 11927552
0.008125 11960320
0.008125 11993088
0.008125 12025856
