0.0 32768
0.0078125 65536
0.005208333333333333 98304
0.003676470588235294 131072
0.009077380952380951 163840
0.007604166666666667 196608
0.006542487684729064 229376
0.009528882575757576 262144
0.011735419630156473 294912
0.01368503193960511 327680
0.01243961352657005 360448
0.011377551020408163 393216
0.010525856044723968 425984
0.011947973381730186 458752
0.012162876784769962 491520
0.01142191142191142 524288
0.012551759834368532 557056
0.012715198074787116 589824
0.012019757668491848 622592
0.012884079225665084 655360
0.012279470729751402 688128
0.01172161172161172 720896
0.012493875979843225 753664
0.011989280560709132 786432
0.011517914671469781 819200
0.011666527883905771 851968
0.011236581549081548 884736
0.011390028669875589 917504
0.010990534766224741 950272
0.012613296616837136 983040
0.012691885023728866 1015808
0.01277724259468936 1048576
0.012388404509340674 1081344
0.012006485183872252 1114112
0.012105300259232711 1146880
0.011767945523937855 1179648
0.011459690316973036 1212416
0.011167172560975568 1245184
0.01088430352277939 1277952
0.010608565080722 1310720
0.010353009547014073 1343488
0.010836218871341315 1376256
0.010934626561050374 1409024
0.010676149124602616 1441792
0.010442271738910838 1474560
0.01120000313232799 1507328
0.010963795745539427 1540096
0.010742098914275515 1572864
0.0109375 1605632
0.010625 1638400
0.011250000000000001 1671168
0.011875000000000002 1703936
0.011875000000000002 1736704
0.011250000000000001 1769472
0.011250000000000001 1802240
0.011250000000000003 1835008
0.011250000000000003 1867776
0.010312500000000002 1900544
0.010312500000000002 1933312
0.010312500000000002 1966080
0.010312500000000002 1998848
0.010625000000000002 2031616
0.010937500000000003 2064384
0.010937500000000003 2097152
0.010937500000000003 2129920
0.010312500000000002 2162688
0.010937500000000001 2195456
0.010937500000000001 2228224
0.010625 2260992
0.010937499999999998 2293760
0.010625 2326528
0.010624999999999999 2359296
0.010937500000000003 2392064
0.011562499999999998 2424832
0.011874999999999997 2457600
0.012812500000000001 2490368
0.0125 2523136
0.0125 2555904
0.01125 2588672
0.0115625 2621440
0.011875 2654208
0.0125 2686976
0.013125000000000001 2719744
0.013437500000000002 2752512
0.014062500000000002 2785280
0.014062500000000002 2818048
0.015312500000000003 2850816
0.015312500000000003 2883584
0.0159375 2916352
0.0165625 2949120
0.016875 2981888
0.017812500000000002 3014656
0.017812500000000002 3047424
0.017812500000000002 3080192
0.0175 3112960
0.017812500000000002 3145728
0.018125000000000002 3178496
0.019062499999999996 3211264
0.019374999999999996 3244032
0.019374999999999996 3276800
0.019999999999999997 3309568
0.020312499999999997 3342336
0.0215625 3375104
0.0225 3407872
0.0225 3440640
0.023125 3473408
0.0246875 3506176
0.0253125 3538944
0.0253125 3571712
0.025625000000000002 3604480
0.0253125 3637248
0.025937500000000002 3670016
0.026562500000000003 3702784
0.027187499999999996 3735552
0.027187500000000003 3768320
0.027499999999999997 3801088
0.028124999999999997 3833856
0.028749999999999998 3866624
0.0296875 3899392
0.0296875 3932160
0.0303125 3964928
0.030625 3997696
0.030625 4030464
0.030000000000000002 4063232
0.030625000000000003 4096000
0.030937500000000003 4128768
0.03125000000000001 4161536
0.03125000000000001 4194304
0.031249999999999997 4227072
0.031875 4259840
0.0315625 4292608
0.03125000000000001 4325376
0.0315625 4358144
0.0315625 4390912
0.031249999999999997 4423680
0.030937499999999996 4456448
0.030937499999999996 4489216
0.030312500000000003 4521984
0.029687500000000002 4554752
0.029687500000000002 4587520
0.030937500000000003 4620288
0.030625000000000003 4653056
0.030937500000000003 4685824
0.03125000000000001 4718592
0.03156250000000001 4751360
0.03125000000000001 4784128
0.03218750000000001 4816896
0.03125000000000001 4849664
0.03312500000000001 4882432
0.03218750000000001 4915200
0.0325 4947968
0.0315625 4980736
0.0325 5013504
0.0325 5046272
0.031875 5079040
0.0321875 5111808
0.0321875 5144576
0.034062499999999996 5177344
0.033749999999999995 5210112
0.034062499999999996 5242880
0.035625000000000004 5275648
0.036562500000000005 5308416
0.036875000000000005 5341184
0.036875 5373952
0.036875000000000005 5406720
0.035937500000000004 5439488
0.036250000000000004 5472256
0.036562500000000005 5505024
0.0359375 5537792
0.036562500000000005 5570560
0.037187500000000005 5603328
0.03968750000000001 5636096
0.04000000000000001 5668864
0.04125000000000001 5701632
0.04187500000000001 5734400
0.04250000000000001 5767168
0.04218750000000001 5799936
0.043437500000000004 5832704
0.04406250000000002 5865472
0.04562500000000001 5898240
0.047812500000000015 5931008
0.04875000000000001 5963776
0.049062500000000016 5996544
0.04937500000000001 6029312
0.04968750000000001 6062080
0.05062500000000002 6094848
0.05031250000000001 6127616
0.04968750000000002 6160384
0.050000000000000024 6193152
0.05031250000000002 6225920
0.05125000000000001 6258688
0.05156250000000001 6291456
0.05125 6324224
0.051562500000000004 6356992
0.052812500000000005 6389760
0.050937500000000004 6422528
0.051875000000000004 6455296
0.053750000000000006 6488064
0.053750000000000006 6520832
0.0528125 6553600
0.053750000000000006 6586368
0.05531250000000001 6619136
0.056250000000000015 6651904
0.05718750000000001 6684672
0.05625 6717440
0.055 6750208
0.0553125 6782976
0.055625 6815744
0.05375 6848512
0.05375 6881280
0.055 6914048
0.0559375 6946816
0.0565625 6979584
0.0565625 7012352
0.05656250000000001 7045120
0.05750000000000001 7077888
0.058750000000000004 7110656
0.0571875 7143424
0.05687500000000001 7176192
0.055 7208960
0.05625 7241728
0.056875 7274496
0.055937500000000015 7307264
0.05593750000000001 7340032
0.055937500000000015 7372800
0.05375000000000001 7405568
0.054375000000000014 7438336
0.05406250000000001 7471104
0.053750000000000006 7503872
0.05375000000000002 7536640
0.053125000000000006 7569408
0.05281250000000001 7602176
0.05406250000000001 7634944
0.05625000000000001 7667712
0.05781250000000002 7700480
0.05906250000000001 7733248
0.05875000000000001 7766016
0.059375 7798784
0.060625 7831552
0.06187500000000001 7864320
0.06218749999999999 7897088
0.06218750000000001 7929856
0.0634375 7962624
0.06374999999999999 7995392
0.063125 8028160
0.06343750000000001 8060928
0.0640625 8093696
0.064375 8126464
0.064375 8159232
0.0665625 8192000
0.06624999999999999 8224768
0.0678125 8257536
0.0678125 8290304
0.0696875 8323072
0.068125 8355840
0.06874999999999999 8388608
0.06937499999999999 8421376
0.0684375 8454144
0.06875 8486912
0.07125000000000001 8519680
0.0709375 8552448
0.07187500000000001 8585216
0.0728125 8617984
0.07281250000000002 8650752
0.07343750000000002 8683520
0.0740625 8716288
0.0759375 8749056
0.07625 8781824
0.07593749999999999 8814592
0.07750000000000001 8847360
0.0778125 8880128
0.079375 8912896
0.07968750000000001 8945664
0.07843750000000001 8978432
0.07937500000000003 9011200
0.08093750000000001 9043968
0.08218750000000001 9076736
0.08281250000000001 9109504
0.0815625 9142272
0.08125 9175040
0.08031250000000001 9207808
0.07999999999999999 9240576
0.0809375 9273344
0.081875 9306112
0.08125 9338880
0.079375 9371648
0.07875 9404416
0.07843750000000001 9437184
0.07875000000000001 9469952
0.07781249999999999 9502720
0.07843750000000001 9535488
0.0778125 9568256
0.07843750000000001 9601024
0.07875 9633792
0.078125 9666560
0.07687499999999999 9699328
0.0753125 9732096
0.0775 9764864
0.07656249999999999 9797632
0.07531249999999999 9830400
0.0759375 9863168
0.07500000000000001 9895936
0.07375 9928704
0.0746875 9961472
0.07531250000000002 9994240
0.0753125 10027008
0.07437500000000001 10059776
0.07625 10092544
0.075625 10125312
0.0753125 10158080
0.07437500000000001 10190848
0.07406249999999999 10223616
0.07343749999999999 10256384
0.07312500000000001 10289152
0.07406249999999999 10321920
0.07437500000000001 10354688
0.07531249999999999 10387456
0.07562499999999998 10420224
0.07625 10452992
0.07625 10485760
0.076875 10518528
0.07843750000000001 10551296
0.0775 10584064
0.07781249999999999 10616832
0.08062499999999999 10649600
0.081875 10682368
0.08374999999999998 10715136
0.084375 10747904
0.0853125 10780672
0.0834375 10813440
0.0840625 10846208
0.08687500000000001 10878976
0.08656249999999999 10911744
0.08781249999999999 10944512
0.0878125 10977280
0.088125 11010048
0.08812500000000001 11042816
0.08812500000000001 11075584
0.0909375 11108352
0.0903125 11141120
0.09093749999999999 11173888
0.0921875 11206656
0.09375 11239424
0.09531250000000001 11272192
0.0946875 11304960
0.09593750000000001 11337728
0.0978125 11370496
0.0990625 11403264
0.09906250000000001 11436032
0.099375 11468800
0.10000000000000002 11501568
0.1003125 11534336
0.10250000000000001 11567104
0.10124999999999999 11599872
