0.250491085073774 16515072
0.2637762284707465 16547840
0.14696969696969697 16285696
0.2073460393772894 16318464
0.19343725079744817 16351232
0.13749999999999998 16252928
0.23402777777777778 16285696
0.23034266591251884 16318464
0.22291666666666665 12943360
0.2447285353535354 12976128
0.25514234539969827 13008896
0.14696969696969697 16285696
0.19944768772893776 16318464
0.20624059382524942 16351232
0.250491085073774 16515072
0.2637762284707465 16547840
0.2585963250479661 16580608
0.0875 4227072
0.09427083333333333 4259840
0.09323489010989011 4292608
0.06875 6291456
0.11944444444444444 6324224
0.13141025641025642 6356992
0.16875 13795328
0.1800978535353535 13828096
0.1820054945054945 13860864
0.14895165598290597 16318464
0.18768765929418021 16351232
0.19347802559759078 16384000
0.10937499999999999 4816896
0.1125 4849664
0.10417811355311354 4882432
0.08437499999999999 7143424
0.12899305555555557 7176192
0.15172847985347984 7208960
0.13125 14614528
0.15868055555555555 14647296
0.2139194139194139 14680064
0.2505159746633204 16547840
0.2618677964541041 16580608
0.2561162517440472 16613376
0.09739583333333333 4849664
0.10753205128205127 4882432
0.10950399896800828 4915200
0.14375000000000002 7962624
0.12152777777777779 7995392
0.1470352564102564 8028160
0.146875 15433728
0.19461805555555556 15466496
0.2177312271062271 15499264
0.16307145774976659 16351232
0.19370954958473696 16384000
0.20863562363562366 16416768
0.0125 1703936
0.021701388888888888 1736704
0.019230769230769232 1769472
0.20157136534152664 16416768
0.21858258137870898 16449536
0.21691465218398873 16482304
0.09999999999999999 5734400
0.15399305555555556 5767168
0.16296932234432232 5799936
0.128125 8814592
0.1513888888888889 8847360
0.16804029304029305 8880128
0.115625 9633792
0.09288194444444445 9666560
0.11904761904761904 9699328
0.18214285714285716 16187392
0.282165404040404 16220160
0.2446662559254471 16252928
0.19758777658618853 16449536
0.22322305954392835 16482304
0.22808271479150444 16515072
0.17458964646464648 16220160
0.22590641266628106 16252928
0.21948252985404687 16285696
0.20625000000000002 12124160
0.21104797979797976 12156928
0.23318738553113552 12189696
0.18000567141192142 16252928
0.22713778578232913 16285696
0.23304542491023464 16318464
0.18345925479597663 16285696
0.2056141774891775 16318464
0.21964912113349616 16351232
0.18106013957307063 16318464
0.21076235825158238 16351232
0.2167704177991988 16384000
0.18460362222274637 16351232
0.21461621079393683 16384000
0.22724689402914253 16416768
0.18917912241156412 16384000
0.20032573996442268 16416768
0.2118404702234024 16449536
0.19477463406691348 16416768
0.20858405266132746 16449536
0.21587802083370716 16482304
0.19956919526938327 16449536
0.2219055070979044 16482304
0.2229273201224301 16515072
0.20401095513900286 16482304
0.21950738842247178 16515072
0.2235353410937831 16547840
0.2239292749536748 16547840
0.2357854060961197 16580608
0.23330431436055687 16613376
0.22887429762767408 16580608
0.23321527955116939 16613376
0.23484762089395722 16646144
0.16383928571428574 17268736
0.1847064393939394 17301504
0.19230196886446885 17334272
0.15937500000000002 18317312
0.24528093434343434 18350080
0.25244744532428354 18382848
0.184375 19333120
0.2137941919191919 19365888
0.22062156593406593 19398656
0.19375 20348928
0.2058396464646465 20381696
0.21455757783882784 20414464
0.16354166666666667 20840448
0.20340909090909093 20873216
0.20085178302090065 20905984
0.19592681623931626 20873216
0.2090134130575307 20905984
0.2199361266028844 20938752
0.1978298049989227 20905984
0.2141525422144449 20938752
0.2147536441014702 20971520
0.21724617912117916 21004288
0.22611563559335462 21037056
0.22812412481899544 21069824
0.2298560680152802 21102592
0.23074789995833375 21135360
0.2338323613139669 21168128
0.22547910293345175 21200896
0.22647016743878978 21233664
0.22320679729546494 21266432
0.22238107224767553 21299200
0.2207788978785998 21331968
0.21572187590711317 21364736
0.21293727345062693 21397504
0.20866505598153826 21430272
0.2096229842575923 21463040
