0.0 11010048
0.006944444444444444 11042816
0.01001602564102564 11075584
0.0125 1146880
0.006944444444444444 1179648
0.004807692307692308 1212416
0.0 12124160
0.0 12156928
0.0 12189696
0.0125 13107200
0.006944444444444444 13139968
0.004807692307692308 13172736
0.0125 13139968
0.008928571428571428 13172736
0.006944444444444444 13205504
0.017708333333333333 13172736
0.013774671052631578 13205504
0.014402173913043478 13238272
0.0125 14188544
0.006944444444444444 14221312
0.01001602564102564 14254080
0.0125 15204352
0.014756944444444444 15237120
0.01001602564102564 15269888
0.0125 16220160
0.014756944444444444 16252928
0.01001602564102564 16285696
0.0125 17268736
0.006944444444444444 17301504
0.004807692307692308 17334272
0.0125 18284544
0.006944444444444444 18317312
0.009615384615384616 18350080
0.0125 19202048
0.014756944444444444 19234816
0.015224358974358974 19267584
0.0125 19234816
0.01413690476190476 19267584
0.014756944444444444 19300352
0.0125 19267584
0.013774671052631578 19300352
0.017378364389233954 19333120
0.013541666666666667 19333120
0.011532738095238094 19365888
0.01219981527093596 19398656
0.013380028735632184 19365888
0.011701839826839828 19398656
0.01424613533988534 19431424
0.0125 20119552
0.006944444444444444 20152320
0.009615384615384616 20185088
0.028125 20938752
0.014756944444444444 20971520
0.01001602564102564 21004288
0.028125 21790720
0.014756944444444444 21823488
0.01001602564102564 21856256
0.0125 22609920
0.006944444444444444 22642688
0.01001602564102564 22675456
0.0125 22970368
0.006944444444444444 23003136
0.009615384615384616 23035904
0.0125 23003136
0.008928571428571428 23035904
0.006944444444444444 23068672
0.0125 23035904
0.009868421052631578 23068672
0.008152173913043478 23101440
0.0125 3342336
0.006944444444444444 3375104
0.009615384615384616 3407872
0.0125 4456448
0.006944444444444444 4489216
0.004807692307692308 4521984
0.0125 5570560
0.006944444444444444 5603328
0.004807692307692308 5636096
0.028125 6553600
0.014756944444444444 6586368
0.01001602564102564 6619136
0.028125 6586368
0.019345238095238096 6619136
0.014756944444444444 6651904
0.028125 6619136
0.02158717105263158 6651904
0.017527173913043478 6684672
0.0125 7700480
0.006944444444444444 7733248
0.004807692307692308 7766016
0.0 8781824
0.006944444444444444 8814592
0.004807692307692308 8847360
0.0 9895936
0.0078125 9928704
0.005208333333333333 9961472
