0.15 12353536
0.1411458333333333 12386304
0.1550480769230769 12419072
0.0 32768
0.0078125 65536
0.005208333333333333 98304
0.1763392857142857 18841600
0.16213699494949496 18874368
0.19583602671837963 18907136
0.12499999999999999 19922944
0.16909722222222223 19955712
0.208922847985348 19988480
0.16874999999999998 23396352
0.21024305555555556 23429120
0.23077764759750055 23461888
0.028125 6225920
0.014756944444444444 6258688
0.019631410256410256 6291456
0.0625 10354688
0.06145833333333333 10387456
0.10296474358974357 10420224
0.075 13467648
0.14288194444444444 13500416
0.1422561813186813 13533184
0.18085317460317463 18874368
0.1860691391941392 18907136
0.19393161979704163 18939904
0.15 20938752
0.17498421717171717 20971520
0.16496108058608058 21004288
0.12638888888888888 23429120
0.1894173534798535 23461888
0.19643264103887167 23494656
0.028125 6258688
0.018543956043956044 6291456
0.02165032679738562 6324224
0.0 1081344
0.0 1114112
0.0 1146880
0.059375 14548992
0.11909722222222222 14581760
0.13049450549450547 14614528
0.18467261904761906 18907136
0.18603365798073618 18939904
0.20230280034364886 18972672
0.0125 2129920
0.006944444444444444 2162688
0.014423076923076924 2195456
0.040625 3145728
0.029513888888888888 3178496
0.029647435897435896 3211264
0.025 7274496
0.029513888888888888 7307264
0.024839743589743588 7340032
0.090625 11370496
0.08940972222222222 11403264
0.10594093406593405 11436032
0.146875 15663104
0.16041666666666665 15695872
0.18126144688644688 15728640
0.19861062804009605 19562496
0.19992850330461992 19595264
0.20332656219219242 19628032
0.196875 21954560
0.20920138888888892 21987328
0.20016025641025642 22020096
0.028125 4194304
0.021701388888888888 4227072
0.024439102564102564 4259840
0.056249999999999994 8323072
0.05208333333333333 8355840
0.05568910256410256 8388608
0.175 12288000
0.1551925505050505 12320768
0.15989583333333332 12353536
0.18229166666666666 16777216
0.1756786616161616 16809984
0.19222756410256406 16842752
0.1930383026889858 19595264
0.1965042178628536 19628032
0.1990509957680743 19660800
0.12499999999999999 22970368
0.15675505050505054 23003136
0.19360119047619048 23035904
0.0125 5242880
0.006944444444444444 5275648
0.009615384615384616 5308416
0.084375 9338880
0.07621527777777778 9371648
0.10685668498168496 9404416
0.17222222222222222 12320768
0.1599702380952381 12353536
0.1488312156002752 12386304
0.19479166666666664 17858560
0.21330492424242423 17891328
0.21145260989010986 17924096
0.19505378612505841 19628032
0.19742384477274366 19660800
0.19692445683583912 19693568
0.109375 23363584
0.1966856060606061 23396352
0.20972413003663004 23429120
0.0125 6193152
0.006944444444444444 6225920
0.01820054945054945 6258688
